7.937333639616153125e-01
-1.235671533333796424e-01
-5.484311527460841718e-02
-2.251391337758323896e-02
-4.573779282927489809e-02
2.607965327934971128e-02
5.234345605548037378e-02
1.755491036222742857e-02
-2.934024905257744120e-02
5.415763964637722652e-03
1.991102158432175862e-02
2.957530738625942408e-03
4.097939609622904683e-02
2.622610697439362731e-02
-4.605422525530158094e-03
8.796583086692190065e-03
2.319689410268160890e-02
-8.462821310678138309e-03
1.315842698076327439e-03
8.349418455929845037e-03
-3.979940988767131059e-03
6.127613634724360381e-03
1.570360681626678176e-02
3.465089206269951830e-03
-8.223763326077482977e-03
-8.714435985014064648e-03
-3.888289792852042334e-03
1.295694324935407413e-02
-7.262974124266678710e-03
-1.058416790035524718e-02
