-2.2193193409392875
6.034598031568227
-0.44755174471221837
4.803960354715471
0.6336117862388562
4.213764157380248
-2.1551003455062903
1.1394597445287464
-3.8364736737672347
1.2401037017012313
0.7539733167022822
1.9078818204392964
-4.395539928736467
-4.585759644519873
1.7104810316655565
-4.805669351670113
-6.069861341407382
2.429227512542717
-2.490251259936202
0.050178779170900745
-1.6564298090390248
3.5747670692553637
3.4477037828412542
0.3286235624392946
-1.0989776457805773
9.024882538636298
-1.2662617124971427
4.551449986385448
1.601337718269698
2.1573165294874634
2.5928296419591152
6.420848027831548
