0.882969169232982
-0.16788626776243482
0.0024069588469874323
-0.1426581756814721
-0.05665488673445328
-0.056515479499507595
-0.03062485848536172
-0.09430245753896999
-0.03604245600741358
-0.10752614779006298
-0.02119052197435458
0.02741368378756673
-0.08660191541138884
-0.009553558251464346
0.10393375151043732
0.010837936644406918
-0.03235383216217067
-0.058302413902931144
-0.09993372222532283
0.01709117807337648
-0.08374946564452321
-0.0387197749862366
0.10048233871647438
-0.041674977255270765
0.016800617541653958
0.04931106836017888
-0.03596188562131
-0.08495058593813733
0.023183201010132444
0.015887639538733966
